1000
86.0 61.4 2.8
10.0 84.9 12.3
7.4 168.8 10.8
3.6 69.2 11.4
28.9 58.1 14.6
92.6 78.3 8.9
54.6 178.4 12.9
90.9 145.9 9.6
74.5 194.5 2.5
79.7 160.2 8.1
2.2 60.7 13.4
80.4 180.2 5.6
12.5 184.4 5.7
57.2 110.9 14.2
85.5 109.0 1.8
95.1 156.0 11.5
23.9 52.8 6.5
81.6 87.3 2.1
35.8 176.8 12.3
94.9 81.9 7.1
41.6 174.1 13.9
67.0 156.5 2.9
72.2 101.5 2.1
30.3 78.4 6.2
42.5 130.8 6.3
52.7 121.7 3.9
2.2 130.1 1.7
21.5 188.1 3.1
6.2 138.1 10.4
12.7 90.7 8.7
22.2 121.2 2.0
79.3 176.1 10.4
36.0 57.4 7.0
27.7 175.8 1.1
40.0 178.7 13.2
48.1 117.4 10.5
64.3 104.6 9.6
88.9 98.9 5.6
86.3 123.5 14.0
85.0 68.7 2.8
72.2 140.4 8.6
95.3 199.5 10.8
98.8 82.1 2.5
57.5 84.7 14.9
22.7 103.6 9.7
26.2 122.3 8.6
27.2 163.1 4.8
4.9 165.1 5.3
84.8 61.2 7.0
17.0 191.1 5.8
67.7 156.6 6.2
61.5 191.8 4.7
64.2 61.9 5.3
40.9 126.8 2.4
97.9 142.0 9.7
43.7 146.5 8.2
81.9 121.7 3.8
38.6 52.9 5.4
66.4 100.9 7.0
78.7 139.2 4.8
37.9 105.4 9.2
51.2 184.9 6.4
8.2 154.3 12.1
9.3 66.1 5.0
13.9 153.8 14.3
46.0 186.4 12.7
46.8 127.4 9.6
4.1 78.7 5.9
86.3 187.0 2.7
68.6 183.7 3.5
65.7 101.3 8.9
96.7 63.9 7.5
9.7 139.2 11.5
57.3 68.9 9.4
19.1 185.7 2.8
83.0 169.2 13.2
22.2 57.8 7.9
10.8 98.3 5.7
36.8 132.1 6.0
35.8 69.0 3.3
79.2 174.6 6.0
25.0 163.8 11.3
18.6 153.7 2.4
31.1 117.3 9.3
74.7 126.9 6.3
41.8 157.8 7.6
15.5 50.6 13.9
31.9 89.7 11.7
19.4 135.4 8.0
5.8 146.1 2.5
54.9 75.3 9.5
85.0 83.6 1.6
61.4 160.5 6.5
87.4 74.3 12.1
31.0 196.8 14.0
33.5 166.2 7.4
36.7 88.2 11.5
26.4 164.8 14.4
66.6 181.8 13.0
16.7 104.4 8.5
0.0 102.6 11.8
84.6 100.8 1.5
38.9 90.6 3.7
37.7 146.0 7.0
18.6 69.6 10.5
82.9 167.8 1.2
19.3 197.3 8.8
87.4 106.3 7.6
10.0 171.7 6.9
26.5 94.2 13.2
95.5 66.6 10.1
65.3 109.1 6.0
41.0 111.1 11.8
34.9 198.5 9.3
38.8 114.7 1.7
66.3 163.9 1.5
55.9 71.4 3.6
70.4 56.5 12.8
16.7 90.9 13.6
84.1 190.1 4.4
77.8 66.2 5.3
94.0 166.6 7.9
28.8 64.4 4.8
40.6 104.5 5.1
94.7 152.9 14.5
84.0 120.1 7.1
67.1 51.9 6.2
87.3 151.0 8.5
89.4 172.8 7.0
22.9 96.6 2.2
67.7 131.8 9.0
31.3 172.7 10.5
30.6 65.0 8.9
40.9 87.6 3.4
18.5 78.2 11.9
2.7 134.9 5.5
0.5 130.3 6.1
55.5 173.3 8.9
99.8 105.9 14.5
0.4 117.2 14.1
93.8 62.0 15.0
87.4 134.3 9.5
87.2 197.7 5.0
31.2 194.2 11.9
39.5 199.8 2.1
57.1 118.6 13.4
27.9 149.5 8.1
89.8 148.0 5.8
90.3 146.2 7.8
57.0 163.8 9.6
25.8 185.4 2.6
19.0 129.9 3.9
84.0 69.2 11.9
94.8 80.2 9.7
65.8 74.9 2.5
62.5 87.6 13.6
94.0 129.6 14.0
33.2 57.7 5.6
84.2 70.8 10.4
37.2 119.3 8.0
54.8 195.4 4.1
88.5 116.1 4.0
94.5 99.4 3.9
26.3 120.2 12.9
43.6 147.8 2.0
23.9 74.1 4.4
59.6 97.2 8.8
13.9 143.7 12.8
73.3 191.5 6.1
85.8 56.0 4.9
46.7 125.4 10.8
40.9 152.3 10.5
59.1 95.3 13.0
71.5 93.4 10.9
54.1 50.5 6.6
68.6 180.7 9.3
18.6 93.1 4.1
3.3 50.6 9.3
94.0 189.7 1.9
95.6 168.1 1.6
15.9 80.7 2.9
19.5 70.7 12.4
97.4 190.0 12.8
52.2 89.7 12.5
7.1 95.9 1.9
72.2 196.0 1.1
85.9 180.5 8.2
50.8 118.2 13.0
6.2 156.8 5.3
43.4 140.9 7.9
83.3 94.4 4.6
48.1 157.4 10.8
89.6 193.0 10.8
91.2 84.2 5.3
36.8 110.9 14.9
51.3 96.8 8.7
23.6 81.7 3.3
54.3 100.0 2.0
33.4 196.2 2.2
36.7 130.5 2.4
48.0 126.5 11.1
1.5 166.1 8.9
44.5 134.4 7.3
65.0 97.7 12.7
65.5 152.6 4.0
60.4 92.5 12.1
37.3 117.8 8.8
85.1 82.2 9.1
32.4 69.1 8.7
80.1 194.6 6.4
99.3 141.9 6.6
64.7 101.4 12.2
46.6 139.2 5.9
79.7 180.5 6.6
99.8 184.7 10.2
87.8 110.8 9.5
77.7 192.1 9.9
3.7 90.1 13.0
4.3 84.7 8.5
97.3 134.4 9.2
47.0 84.9 6.0
71.5 165.7 14.7
39.2 163.6 14.8
19.7 113.7 5.7
65.6 107.7 9.1
44.3 73.1 1.2
63.2 115.0 9.5
39.3 177.1 8.0
35.4 172.2 1.0
30.8 147.1 5.0
6.1 97.0 9.6
99.4 119.4 13.2
35.8 77.9 14.5
50.9 115.0 13.6
41.4 137.2 14.8
57.8 68.6 1.5
1.3 173.6 2.4
99.0 133.1 11.9
16.1 127.9 5.5
32.4 160.9 2.1
44.1 112.8 13.6
52.5 67.8 10.7
62.2 128.0 9.9
76.8 164.4 12.7
57.9 132.1 14.7
65.5 176.0 4.9
76.2 124.1 9.8
29.0 143.0 9.9
81.0 101.2 6.6
81.9 121.9 14.7
2.8 130.3 14.3
79.8 111.6 13.9
39.3 131.7 14.7
8.9 131.0 8.1
46.3 148.0 14.7
39.2 87.5 5.8
55.8 98.4 9.2
39.5 141.9 8.0
97.9 116.6 11.3
20.2 108.7 5.3
74.7 146.9 2.6
1.2 74.2 8.6
54.6 139.9 12.2
10.3 80.9 14.7
75.4 54.7 14.0
5.1 129.3 6.6
49.7 118.8 7.7
41.6 199.2 10.7
81.9 152.4 10.5
90.6 96.3 3.1
26.6 115.7 7.9
67.0 168.3 10.7
73.2 54.5 13.9
39.2 70.3 10.0
48.7 106.0 10.8
48.5 69.4 14.5
99.9 69.9 12.1
31.7 111.4 14.3
76.2 161.9 8.1
22.9 143.2 8.5
67.0 137.6 13.0
62.8 53.1 1.5
30.9 84.4 8.1
33.7 94.6 11.7
37.6 115.0 1.6
88.0 149.7 8.5
67.2 93.6 13.0
34.6 152.8 4.0
77.9 188.4 11.4
3.9 142.5 12.8
60.2 101.4 2.9
24.8 53.3 6.7
46.9 76.5 8.9
96.7 101.0 2.9
47.9 117.5 1.4
63.1 180.0 3.2
66.1 55.0 7.5
94.3 197.3 5.3
51.2 133.1 3.7
66.1 109.6 7.1
90.7 95.1 10.3
7.4 74.2 1.1
11.8 144.2 14.2
80.0 78.6 8.7
8.4 58.1 2.9
61.4 54.7 7.0
13.0 133.5 13.2
41.1 139.5 7.2
31.3 155.7 5.2
36.2 174.3 14.6
44.1 191.4 1.4
26.8 60.6 14.4
89.3 188.4 13.3
73.0 164.5 12.6
88.6 144.1 7.5
28.2 194.9 2.0
31.0 163.1 13.1
57.9 162.6 14.1
87.5 156.3 14.2
70.9 83.6 4.6
7.5 123.1 1.2
65.9 110.6 2.4
52.0 160.5 3.6
72.7 157.1 13.9
84.3 61.4 14.1
8.4 154.0 10.9
92.1 53.1 4.5
15.9 130.0 12.2
99.7 136.3 10.6
35.7 160.7 9.6
74.0 167.7 7.0
41.8 196.8 6.6
12.6 128.1 4.9
31.5 153.5 12.0
51.5 59.5 11.6
62.0 158.5 3.1
63.2 92.2 14.8
7.0 142.7 12.1
50.3 185.3 1.9
49.3 127.5 5.1
30.4 80.6 5.4
70.3 152.6 3.6
17.7 51.0 7.5
66.8 68.9 9.5
87.2 183.8 2.2
92.3 115.9 11.8
32.1 57.8 3.2
3.0 177.5 9.3
16.2 175.9 5.0
36.5 185.2 4.8
69.4 119.0 8.7
12.5 158.8 14.5
49.1 144.9 3.8
87.0 89.0 13.8
33.9 153.7 4.7
12.7 127.9 10.6
54.7 81.3 13.2
1.6 143.6 10.6
94.2 82.5 1.8
39.6 175.2 12.6
81.1 107.3 6.2
53.6 70.7 12.6
5.8 53.4 7.1
51.8 61.0 14.5
30.5 182.3 12.2
12.2 65.3 1.7
82.3 51.6 3.2
2.8 101.8 6.9
67.0 174.9 5.5
30.6 68.8 11.1
38.1 119.5 9.3
30.4 177.6 4.4
0.2 92.1 6.4
96.5 180.3 2.9
46.0 126.7 6.8
71.9 172.3 13.2
92.0 105.5 6.1
62.5 133.3 12.6
78.1 186.5 8.4
99.7 104.7 6.1
47.8 75.0 14.1
9.4 58.4 8.1
57.9 94.6 6.4
83.2 161.3 3.7
17.1 120.4 11.8
19.8 144.0 2.0
29.7 68.6 4.9
31.5 119.4 9.0
78.2 121.2 10.1
55.3 68.3 7.6
60.2 118.8 3.7
16.2 74.0 11.4
7.3 105.6 6.1
95.6 107.0 13.1
88.0 174.6 5.4
39.9 74.4 1.7
76.4 137.6 4.8
19.7 108.7 3.4
83.4 122.9 8.8
76.5 54.8 4.2
38.7 160.2 10.6
70.4 152.4 8.7
13.7 141.4 10.2
51.4 189.3 6.5
68.8 141.7 8.6
78.6 88.3 9.7
36.3 133.7 5.6
63.7 68.0 7.2
0.5 75.1 10.2
29.7 76.5 14.8
32.4 136.4 4.6
75.9 199.3 10.1
36.8 180.5 8.2
46.8 180.6 11.9
19.8 176.3 4.2
54.0 126.8 9.9
32.4 143.1 13.6
80.6 116.1 2.9
3.9 120.6 10.8
30.0 163.4 1.0
5.7 196.3 5.4
89.3 180.4 1.7
24.5 127.2 8.0
79.7 151.8 9.6
25.8 111.4 5.8
27.0 177.2 8.1
98.9 170.6 1.3
100.0 50.6 9.5
11.5 105.6 15.0
7.5 168.5 4.8
34.2 111.5 6.7
44.1 139.0 12.5
56.0 105.1 10.8
5.5 89.7 13.4
0.3 191.2 10.8
7.8 138.7 4.4
41.0 179.2 9.3
40.2 81.3 9.1
14.4 117.7 8.9
32.8 130.7 1.5
90.0 178.9 12.9
19.5 142.1 5.5
38.8 51.1 2.1
44.7 95.9 11.3
10.4 189.9 6.9
32.1 181.9 14.7
22.5 168.5 9.0
22.2 128.0 6.2
64.9 88.3 11.9
20.1 84.0 12.6
22.1 83.2 12.2
38.8 59.9 11.3
53.8 163.8 13.1
79.0 164.6 9.3
74.2 91.9 10.6
44.7 56.6 14.1
54.9 73.8 5.4
71.5 138.7 6.3
6.7 193.5 4.7
6.8 157.8 9.4
88.7 68.0 1.8
1.9 50.6 6.4
66.9 109.3 2.6
48.5 155.1 6.0
73.5 55.5 14.7
44.8 161.1 13.6
87.2 99.9 11.6
41.4 121.2 5.6
66.6 165.6 9.9
50.9 192.2 8.5
50.1 72.4 4.5
46.3 122.4 13.7
97.7 55.6 12.8
97.1 184.2 13.4
25.5 117.4 2.2
31.6 171.0 6.1
27.1 149.1 9.7
32.7 115.9 8.1
88.3 170.7 8.9
10.9 102.3 10.5
92.8 141.4 5.3
3.6 143.3 9.8
5.3 149.3 15.0
91.8 153.2 6.7
38.3 193.2 6.7
32.8 56.2 6.5
24.2 79.2 7.7
28.8 75.5 2.1
81.7 59.0 8.6
27.6 183.2 5.6
49.9 139.1 1.2
31.9 180.0 12.0
95.6 132.9 6.5
84.2 117.5 4.5
90.9 121.2 8.9
10.4 62.9 3.5
61.1 182.9 13.3
32.8 172.1 13.2
69.6 144.9 9.7
8.7 132.4 9.6
16.5 189.9 14.8
45.1 91.9 5.5
34.2 107.6 14.5
19.1 117.3 9.4
57.0 96.2 8.4
63.0 78.5 8.3
37.6 71.1 8.7
23.5 112.5 10.5
73.8 151.3 5.8
14.9 156.2 10.5
46.3 118.3 13.2
26.9 186.1 8.5
17.3 108.1 5.5
90.3 112.4 7.6
44.9 103.3 11.8
96.9 78.2 5.0
58.9 107.2 12.2
56.3 175.0 12.9
2.4 170.1 7.8
99.2 191.7 8.0
72.5 197.6 10.6
33.1 83.4 5.2
81.5 79.1 4.7
73.0 137.8 4.1
80.6 188.5 12.1
3.4 172.3 10.1
20.1 97.8 9.4
87.2 69.9 12.6
69.9 72.7 10.8
54.7 160.4 14.7
83.2 63.0 14.2
78.6 116.6 8.4
83.3 146.8 7.1
56.2 134.9 4.5
30.7 64.5 7.8
61.8 50.0 2.3
77.0 192.7 6.6
42.4 93.8 1.8
93.7 160.5 6.7
71.9 111.1 9.7
21.6 182.7 4.2
82.6 101.6 7.8
87.0 81.7 10.2
48.8 110.8 6.4
93.7 95.2 11.4
92.9 128.3 12.6
89.1 133.1 8.8
88.1 56.5 10.1
39.7 130.8 3.4
66.6 57.5 5.2
23.8 136.4 7.4
62.6 80.0 13.3
86.2 159.7 3.6
18.7 152.9 11.4
9.7 169.4 9.5
80.5 82.4 9.6
46.8 198.5 7.6
48.8 62.3 13.8
33.9 194.4 8.9
70.5 81.2 2.4
43.0 100.6 10.3
0.8 75.4 3.7
55.1 184.0 11.8
50.2 108.2 6.6
30.8 78.1 10.2
67.5 86.9 14.0
45.9 54.5 5.8
41.6 196.5 11.3
52.2 124.0 14.6
61.7 96.3 6.5
93.9 88.2 9.8
80.8 168.4 10.1
34.5 102.6 2.7
63.2 145.1 7.0
38.0 64.5 6.7
87.4 115.9 4.5
95.3 133.1 14.9
97.2 124.8 4.9
70.3 160.1 13.9
85.5 198.7 7.9
77.3 89.3 12.9
56.2 109.9 1.7
68.1 80.2 10.1
24.9 65.0 3.3
66.4 62.5 9.7
18.2 100.0 2.2
66.6 97.2 1.3
34.0 80.3 8.9
29.1 167.3 12.4
9.7 152.6 10.2
93.6 109.7 7.8
59.0 155.5 2.2
1.2 89.9 2.5
55.1 78.3 3.0
76.0 91.1 5.9
16.0 120.3 9.2
92.2 106.7 2.8
92.9 91.9 4.4
11.6 83.6 2.6
71.3 119.2 12.0
33.1 56.5 13.3
23.2 96.6 11.8
72.7 196.6 7.2
30.2 52.3 3.5
40.1 76.6 12.2
75.7 85.5 6.1
80.9 126.1 1.1
33.1 177.0 10.8
44.9 186.1 8.1
80.3 168.4 1.3
72.8 99.0 7.0
13.9 104.9 4.1
44.9 186.7 4.4
47.9 144.6 7.1
74.0 134.8 10.6
62.8 165.5 1.7
44.8 68.0 14.0
75.1 93.8 10.8
96.4 67.0 3.8
5.0 58.9 12.3
59.8 100.1 4.8
8.4 115.9 1.4
87.4 120.0 8.2
48.8 199.3 14.2
40.4 115.1 7.8
95.2 67.9 2.1
84.2 116.9 7.2
2.5 75.6 6.9
78.8 179.8 5.1
89.8 107.8 1.1
31.9 126.1 8.3
12.3 89.8 1.5
66.4 146.8 10.8
37.2 173.6 13.0
86.0 184.9 4.1
16.2 186.5 4.1
71.3 136.6 8.3
31.9 96.3 4.7
41.5 164.0 6.5
60.3 156.4 2.1
95.3 131.6 2.9
73.1 59.5 14.5
8.8 50.4 1.6
85.4 139.9 2.1
87.1 52.7 3.3
13.4 189.5 6.3
59.0 98.9 7.9
56.1 74.2 9.0
52.2 109.7 12.7
54.7 158.8 12.4
76.3 169.7 1.1
79.8 140.0 8.4
86.6 108.1 9.9
84.1 80.5 7.4
93.5 168.8 9.5
55.1 195.7 1.4
82.7 168.9 11.9
60.5 102.7 9.7
96.5 54.7 12.5
39.3 81.7 7.8
45.4 165.9 10.2
47.8 160.2 11.8
76.6 93.8 5.8
91.4 186.7 8.9
71.8 53.2 13.2
56.4 165.3 14.6
29.7 63.3 12.7
33.8 137.4 13.9
74.1 99.1 3.2
85.3 179.9 2.9
28.9 149.4 4.1
47.7 181.9 9.3
15.9 157.9 3.3
65.1 67.4 14.2
90.4 56.3 10.5
9.3 148.1 7.1
91.1 177.3 7.4
40.3 199.3 6.6
37.4 177.3 8.4
52.0 76.6 9.9
80.5 185.7 2.0
8.2 141.3 7.2
56.0 195.4 8.7
25.5 57.9 3.7
75.9 126.4 7.2
41.3 101.1 3.2
52.5 140.3 3.9
57.7 107.6 5.5
32.9 171.7 14.3
94.2 153.4 4.2
97.0 170.7 6.4
33.0 143.2 11.6
23.4 169.8 12.8
10.3 65.2 2.8
1.9 141.1 5.9
88.5 50.9 4.8
21.5 78.2 4.3
37.1 112.7 5.3
94.6 154.0 7.6
45.6 50.1 13.5
3.5 94.9 1.7
92.2 145.6 14.6
65.6 193.2 13.9
37.6 68.6 3.9
85.4 151.7 3.6
3.6 167.9 4.4
82.6 165.2 8.4
68.9 71.6 8.8
58.1 83.5 7.9
89.9 131.7 8.9
9.6 138.0 10.9
81.1 52.5 8.1
1.6 134.2 1.4
81.1 70.9 3.5
60.2 190.3 9.3
54.1 124.3 11.4
87.2 118.7 13.9
95.4 83.3 4.3
93.7 75.0 9.7
56.9 164.8 6.5
21.5 69.3 11.9
34.2 59.1 1.8
16.3 148.7 2.9
28.5 110.8 6.1
18.2 85.7 9.0
0.5 58.0 10.1
51.6 152.7 13.0
2.7 158.4 8.7
47.7 57.2 4.4
73.9 163.5 9.5
51.2 58.4 13.2
27.1 56.3 8.4
29.9 142.8 6.2
65.3 107.5 2.0
11.7 114.1 13.0
93.4 196.5 14.6
55.4 77.8 12.0
12.4 70.0 7.6
53.3 106.0 12.0
34.8 59.0 2.1
34.0 112.0 7.2
58.6 180.2 14.3
49.7 195.1 7.3
32.2 153.2 12.1
29.5 53.9 1.8
38.6 182.9 12.6
13.4 162.8 1.6
17.2 60.4 2.2
56.3 131.8 12.8
98.1 56.0 10.0
38.6 163.4 2.0
5.5 195.2 4.3
63.7 103.2 14.1
95.2 193.9 13.4
13.4 138.5 10.0
26.2 162.9 8.1
0.5 159.8 14.7
48.3 122.6 10.4
82.2 84.8 10.9
29.1 137.4 9.0
70.0 191.9 8.8
93.1 190.0 9.1
24.6 54.5 7.6
74.0 144.7 2.8
0.9 110.6 13.2
68.8 105.8 8.5
20.3 95.7 13.7
86.7 76.7 13.6
73.9 130.7 3.2
23.8 127.5 7.5
20.8 71.7 2.2
48.3 74.1 5.4
19.8 177.8 8.0
22.1 114.7 6.1
18.7 148.2 5.6
33.2 54.0 2.6
77.1 181.7 4.9
49.1 116.0 1.5
77.4 193.1 10.9
44.7 146.5 9.0
28.4 180.4 8.5
67.7 88.0 12.9
57.7 104.6 4.0
64.7 76.5 2.1
21.2 190.2 5.8
9.7 154.0 11.1
97.6 186.7 3.6
27.4 124.7 12.6
48.7 139.2 10.6
10.5 63.0 3.1
91.8 134.8 5.2
70.2 92.0 8.0
86.5 100.3 7.3
22.9 174.3 4.7
23.6 114.1 12.2
2.2 124.6 6.6
66.3 106.7 9.3
32.5 76.9 14.9
40.9 170.2 5.4
40.9 72.5 14.0
90.0 146.4 5.2
24.5 52.8 14.6
36.3 148.3 5.0
86.7 84.1 13.9
1.5 71.0 2.4
93.4 50.6 1.4
50.8 126.5 8.2
93.3 154.3 5.9
8.6 102.5 3.0
60.4 129.0 7.4
56.2 89.8 6.4
89.9 92.5 7.2
28.8 145.1 11.9
44.0 58.1 1.4
14.9 126.8 11.4
72.3 197.6 12.5
5.4 87.8 6.1
88.1 111.1 13.5
35.3 86.0 8.3
98.0 123.3 5.7
58.3 69.4 5.8
27.9 64.2 7.6
98.7 62.9 1.7
12.9 147.9 1.3
63.2 132.0 7.7
38.2 112.7 5.4
11.5 121.9 7.2
17.9 119.2 5.6
57.8 147.1 10.1
68.7 141.2 5.1
27.7 87.4 2.1
53.5 76.2 1.5
36.8 125.0 10.9
11.8 86.9 4.6
12.9 117.9 14.5
26.9 136.3 7.0
51.0 141.5 3.0
95.6 90.4 12.6
75.7 134.8 12.7
13.4 123.8 2.5
75.3 121.3 2.5
76.5 71.4 13.8
47.1 148.3 14.2
32.9 107.8 10.4
50.8 72.5 12.6
61.1 50.9 5.4
52.3 171.7 3.1
93.0 189.1 3.5
75.0 92.9 4.7
63.0 68.9 4.0
81.5 78.7 9.6
76.3 100.1 12.4
89.2 193.4 12.3
89.8 91.2 2.9
52.2 81.1 6.9
71.8 176.5 2.2
97.5 83.1 12.2
1.0 162.1 7.6
4.7 96.9 12.9
50.5 195.9 6.2
50.4 50.5 10.6
28.3 111.8 3.8
22.0 149.7 12.3
71.0 104.6 2.1
13.2 125.8 14.4
88.4 166.8 5.2
40.1 59.5 10.1
36.4 183.3 4.6
30.0 107.1 5.3
64.6 68.7 13.2
6.2 66.4 8.2
1.9 139.7 8.4
6.5 170.7 8.7
3.1 129.7 9.7
63.5 129.1 7.2
88.2 137.4 2.6
34.8 167.4 1.1
29.6 135.3 12.8
65.4 194.6 11.8
92.2 190.9 3.0
17.3 116.1 13.9
98.0 170.7 12.0
77.5 118.0 8.9
4.5 68.6 8.8
76.3 73.4 7.3
97.8 70.8 11.5
63.1 64.8 10.7
63.7 175.1 5.5
0.2 148.1 14.6
74.7 87.2 12.5
75.4 71.3 9.8
28.3 108.7 12.7
88.8 181.3 12.0
54.9 56.2 14.1
66.8 80.9 1.2
51.4 130.4 2.4
72.1 66.6 3.4
8.6 193.7 11.8
39.9 142.8 3.1
4.6 58.9 13.5
93.1 72.0 8.3
21.7 178.7 4.0
79.9 78.9 6.9
30.0 183.5 2.0
99.9 191.0 14.1
93.7 168.6 8.8
86.6 56.2 9.1
69.5 181.6 8.0
23.6 157.5 11.2
21.3 191.3 1.2
23.9 59.0 10.7
85.4 142.6 14.1
64.2 133.6 5.6
41.4 54.7 10.2
22.6 84.6 7.0
41.9 86.7 14.1
78.6 161.9 10.0
36.3 185.8 2.1
65.1 157.2 14.9
53.3 197.5 5.2
62.5 123.5 8.1
43.4 91.4 11.0
58.1 101.8 11.9
34.6 190.5 11.1
7.0 137.6 12.5
88.8 103.3 11.5
83.8 159.4 2.6
30.6 67.4 2.9
58.8 129.6 2.6
94.3 121.1 2.5
90.0 77.7 12.3
30.1 83.9 1.7
20.6 139.2 14.2
90.5 81.0 6.7
16.2 128.3 11.4
1.1 129.2 1.4
55.8 180.5 14.9
72.2 177.0 5.2
99.9 118.6 5.2
26.0 127.1 2.4
71.2 114.5 7.2
60.3 172.0 2.4
53.9 168.1 6.9
79.4 157.0 11.3
56.1 194.1 14.1
48.9 93.9 14.4
92.3 102.6 8.2
27.6 161.7 10.7
91.9 139.3 8.3
95.1 152.4 11.5
99.6 83.3 11.8
87.7 178.1 13.0
53.3 137.5 7.4
60.7 62.1 14.5
23.5 163.5 13.9
79.6 68.4 4.2
31.8 68.2 8.3
81.9 108.4 8.4
35.5 103.6 8.1
73.2 159.5 3.1
26.2 154.7 8.3
39.6 98.5 2.6
59.1 181.8 14.7
33.8 164.3 9.8
47.4 67.6 8.8
82.4 148.4 1.3
56.3 86.8 11.9
12.4 145.4 12.3
22.7 78.7 4.9
97.9 176.8 2.4
74.2 119.3 11.1
10.7 199.4 8.7
54.9 181.0 1.0
62.2 115.9 2.9
30.3 79.3 14.8
43.3 186.5 12.1
83.0 158.6 14.4
21.5 136.4 5.0
99.8 198.1 2.8
78.8 154.2 6.8
11.2 185.2 3.8
62.1 173.5 3.3
35.3 91.2 7.7
27.6 68.0 2.0
1.3 163.6 6.6
59.0 128.2 14.5
89.9 65.8 14.0
9.0 132.3 7.1
63.1 72.3 9.4
23.7 165.3 6.8
83.1 155.3 5.7
51.1 123.6 1.3
88.9 183.3 10.6
68.3 103.4 3.6
89.6 181.0 4.1
72.5 102.5 7.9
21.1 189.0 7.7
71.8 87.1 12.7
58.1 97.8 2.4
38.7 175.5 12.2